*测试数据
5
3 0 3 1 3
输出：5
**********
5
-1 2 3 10 100
输出：103
**********
1000
-266 -159 -715 -6 973 -811 -455 725 -685 -487 -589 -358 192 490 865 -943 755 832 633 -613 -798 242 854 799 725 -714 36 712 -95 -443 -426 -206 -534 496 -983 317 845 -872 -501 -777 -65 876 942 490 31 -797 487 -181 124 -373 628 -738 461 225 -171 698 -264 515 -195 889 -475 -546 720 276 281 588 27 -483 314 -213 783 -989 471 507 791 -817 894 -37 -214 -934 -152 624 830 -214 714 -412 -577 -440 -851 478 263 184 -782 -831 -479 314 -905 -954 74 -910 544 -200 -622 -163 -231 -320 -374 867 -277 -821 620 116 -103 -979 -970 -1 -445 -857 614 630 -254 -33 -400 737 -268 163 601 741 621 -466 446 42 624 528 253 100 -675 -15 826 163 -183 896 823 -736 635 -52 251 -820 -846 -442 -111 -954 -396 510 -41 636 799 443 295 907 -979 200 -63 -858 -67 66 609 -950 -767 -554 -448 -1 -322 557 530 -616 309 -174 -468 -407 -142 -358 722 305 779 -41 -525 -395 410 -1000 166 -382 -738 -260 21 150 -159 786 -587 618 77 97 713 -530 -483 422 21 -474 816 119 149 489 -475 534 18 353 598 311 -151 958 -170 285 107 -552 758 50 555 116 -272 311 152 242 -385 15 -529 724 -164 687 399 279 122 190 -362 129 529 574 807 377 -657 -892 156 104 -169 41 -817 -745 661 -175 -493 -988 993 449 -182 -620 -791 -795 -17 438 -68 616 -690 -554 901 -996 498 290 -211 121 -451 -926 87 -591 379 950 -634 -975 226 -441 976 464 -71 618 205 -896 -695 -996 148 -749 139 -797 -28 -574 -476 367 -155 732 545 -538 875 -458 916 -339 672 6 371 -624 -537 -830 613 751 76 -844 99 433 14 368 -136 -958 -515 183 587 425 -222 -892 -65 900 875 0 -447 -552 450 -829 -554 -912 610 -45 584 -243 -427 -740 -358 -158 437 57 -462 262 52 -916 252 465 535 -725 -2 276 79 409 116 -449 402 -242 -216 -793 861 152 536 -463 -284 518 121 2 777 -263 665 -22 742 -425 -698 -702 -565 148 -871 -802 -118 118 -227 -928 -416 283 157 207 -310 -586 -990 73 719 -712 -82 -13 -159 -967 157 -764 0 850 -966 669 404 -579 -616 125 -484 -870 -771 967 788 707 556 -232 -428 955 -866 931 -664 640 -978 724 -45 505 -649 -375 -732 792 -150 -658 17 -653 355 -970 858 477 -410 970 470 146 766 449 -392 351 269 962 564 938 -337 -730 606 899 373 747 375 -647 262 -380 -180 794 -899 720 585 203 -825 385 578 -329 690 602 92 538 -776 361 -115 -147 282 -678 281 200 -403 -682 378 -475 572 122 -844 485 -372 246 -219 -112 -183 -494 -73 383 148 -433 -61 -301 -756 -470 -662 958 -428 416 -78 24 801 202 964 -21 -530 -317 -393 10 114 384 133 -306 688 644 223 324 424 -152 -171 -135 828 -382 194 458 962 -198 780 -29 260 549 -188 138 187 -480 117 244 -314 874 -799 749 -401 265 430 664 608 53 207 -327 -729 -118 729 421 281 124 -284 -917 -67 -881 -466 471 228 195 -666 480 -630 -315 -272 -989 -657 48 895 -325 -7 -957 685 720 -595 -102 337 965 -182 733 196 -253 897 -816 -241 560 -605 307 765 780 -985 348 -976 -373 741 780 577 223 202 466 -904 -320 860 512 22 955 -224 -608 -663 -484 443 808 -582 -412 521 857 698 -728 -89 -906 -413 288 -747 -337 271 -415 -799 -36 -346 -885 688 737 10 202 226 110 -168 976 934 455 589 611 38 -19 185 -828 709 987 -271 152 275 -996 576 -681 480 385 808 686 -80 904 684 182 -901 -83 -705 912 355 692 932 -596 821 -639 -348 787 -480 138 -10 995 554 609 63 -390 -792 292 -847 -267 885 415 -758 211 551 -45 158 -306 801 -658 -94 989 548 448 267 -875 -545 217 -954 603 563 -322 -681 1 -334 847 -635 577 -989 478 177 913 -829 -499 -665 -540 -20 4 -119 -689 -379 -426 280 334 812 -51 -98 423 782 803 829 572 293 738 636 740 644 -743 -432 714 996 71 11 718 337 326 730 -810 -889 212 -461 -951 645 495 -186 -651 704 918 731 -261 765 283 -897 -722 -111 -564 -490 -366 -435 413 369 197 896 -882 -183 -529 -417 -170 -347 232 643 -280 -338 -344 476 614 504 512 -547 -357 -874 864 -626 -127 -597 -484 -769 -814 407 428 531 -102 -773 918 51 571 -347 68 346 -285 -35 645 416 376 488 -382 455 539 -253 -326 -605 599 976 678 575 -977 -947 -465 -504 -861 -217 -874 -380 783 -468 -142 426 756 -567 -647 -359 709 458 -796 606 -869 -477 -372 154 832 478 64 -215 -397 597 302 337 169 111 936 -186 -849 -784 -28 -824 906 743 -125 -925 -127 -948 -87 933 -763 211 695 -85 -664 754 669 -28 -181 -874 -413 -598 -870 186 -657 -126 759 -904 -759 608 -377 882 -616 -964 557 -222 676 19 -501 333 377 644 -979 486 162 -570 -620 934 -231 -74 -903 656 -367 -970 222 842 -852 -871 8 -848 -29 512 -33 -663 -837 321 -652 -653 -859 -680 -635 -577 580 24 -265 -80 174 -671 144 329 -611 159 993 743 673 -550 626 -329 319 873 614 22 959 -49 -975 529 483 -166 605 369 -265 -509 -256 -298 428 774 106
对应输出应该为: 493195